00111100111100000011110000001111
10111010110100100010100001000101
10011001111010011011011100100011
00001011101011100011101110011110
01000010010000010101011001001001
00011000101100111111101001000001
10010110000101101111111000100011
01100111000100010111110011110010
11000001000110111111110000001001
10001000011111111011110001101100
01100000000011110111111010001011
11110101100101100101000001101110
01110011100001010011100010111000
11000110101001100010110001001110
01010110101100001011110101110101
01110101111010001111110110001111
00100101100010010110010010010000
10001001111011001010110000111011
