0001111000000011000011110000001100001000000011010010100100110000
0000101000110001001010010011010000110010001001000010001100011000
0010001100000111001000110001100000100000000111010000110000011101
0000010100100110000111010011100000100100001100010001101000100000
0011001100100101001101000000000100110110000000000010110000100101
0001001000111010001011010000110100000100001001100010101000011100
0000001000011111000100100000101100011100000100110000011000010001
0001110000010000001101110010101000101000001100100000000000101011
0000010000101001001010100011100000001100001101000001111100000011
0010011100000011001000010010011000000111001010000000010000000011
0010100000100110001110010000110000110001001001100001010100000100
0001001000000111000111000010010000011010000010100000111100001000
0011000000001001001101010011100100111100000011010001000000001011
0011000100011110000010010010001100010011001000010001100000101010
0010100000111101001111100000001000100111000001110010010100101000
0010100100100001000010000000101100010011000101000011000000100101
